MainID,CommonName,SeriesStep,SampleYear,Population,PopulationUntransformed,PopRescale,PopRescale_fd,PopRescale_log,PopRescale_gr
5040,Marsh hawk or Hen harrier,0,1905.0,0.0,0.0,0.109813131903298,N/A,-2.20897515866733,N/A
5040,Marsh hawk or Hen harrier,1,1906.0,0.0,0.0,0.109813131903298,0.0,-2.20897515866733,0.0
5040,Marsh hawk or Hen harrier,2,1907.0,0.12,0.12,0.768691923323085,0.658878791419787,-0.26306500961202,1.94591014905531
5040,Marsh hawk or Hen harrier,3,1908.0,0.0,0.0,0.109813131903298,-0.658878791419787,-2.20897515866733,-1.94591014905531
5040,Marsh hawk or Hen harrier,4,1909.0,0.0,0.0,0.109813131903298,0.0,-2.20897515866733,0.0
5040,Marsh hawk or Hen harrier,5,1910.0,0.08,0.08,0.549065659516489,0.439252527613191,-0.599537246233233,1.6094379124341
5040,Marsh hawk or Hen harrier,6,1911.0,0.0,0.0,0.109813131903298,-0.439252527613191,-2.20897515866733,-1.6094379124341
5040,Marsh hawk or Hen harrier,7,1912.0,0.04,0.04,0.329439395709894,0.219626263806596,-1.11036286999922,1.09861228866811
5040,Marsh hawk or Hen harrier,8,1913.0,0.035,0.035,0.301986112734069,-0.0274532829758244,-1.19737424698885,-0.0870113769896295
5040,Marsh hawk or Hen harrier,9,1914.0,0.0,0.0,0.109813131903298,-0.192172980830771,-2.20897515866733,-1.01160091167848
5040,Marsh hawk or Hen harrier,10,1915.0,0.0,0.0,0.109813131903298,0.0,-2.20897515866733,0.0
5040,Marsh hawk or Hen harrier,11,1916.0,0.0,0.0,0.109813131903298,0.0,-2.20897515866733,0.0
5040,Marsh hawk or Hen harrier,12,1917.0,0.0,0.0,0.109813131903298,0.0,-2.20897515866733,0.0
5040,Marsh hawk or Hen harrier,13,1918.0,0.0,0.0,0.109813131903298,0.0,-2.20897515866733,0.0
5040,Marsh hawk or Hen harrier,14,1919.0,0.0,0.0,0.109813131903298,0.0,-2.20897515866733,0.0
5040,Marsh hawk or Hen harrier,15,N/A,N/A,N/A,N/A,N/A,N/A,N/A
5040,Marsh hawk or Hen harrier,16,1921.0,0.0,0.0,0.109813131903298,N/A,-2.20897515866733,N/A
5040,Marsh hawk or Hen harrier,17,1922.0,0.07,0.07,0.49415909356484,0.384345961661543,-0.704897761891059,1.50407739677627
5040,Marsh hawk or Hen harrier,18,1923.0,0.0,0.0,0.109813131903298,-0.384345961661543,-2.20897515866733,-1.50407739677627
5040,Marsh hawk or Hen harrier,19,1924.0,0.065,0.065,0.466705810589016,0.356892678685718,-0.762056175731008,1.44691898293633
5040,Marsh hawk or Hen harrier,20,1925.0,0.0,0.0,0.109813131903298,-0.356892678685718,-2.20897515866733,-1.44691898293633
5040,Marsh hawk or Hen harrier,21,1926.0,0.0,0.0,0.109813131903298,0.0,-2.20897515866733,0.0
5040,Marsh hawk or Hen harrier,22,1927.0,0.0,0.0,0.109813131903298,0.0,-2.20897515866733,0.0
5040,Marsh hawk or Hen harrier,23,1928.0,0.075,0.075,0.521612376540665,0.411799244637367,-0.650830540620784,1.55814461804655
5040,Marsh hawk or Hen harrier,24,1929.0,0.0,0.0,0.109813131903298,-0.411799244637367,-2.20897515866733,-1.55814461804655
5040,Marsh hawk or Hen harrier,25,1930.0,0.35,0.35,2.03154294021101,1.92172980830771,0.708795573416946,2.91777073208428
5040,Marsh hawk or Hen harrier,26,1931.0,0.0,0.0,0.109813131903298,-1.92172980830771,-2.20897515866733,-2.91777073208428
5040,Marsh hawk or Hen harrier,27,1932.0,0.14,0.14,0.878505055226383,0.768691923323085,-0.129533616987497,2.07944154167984
5040,Marsh hawk or Hen harrier,28,1933.0,0.12,0.12,0.768691923323085,-0.109813131903298,-0.26306500961202,-0.133531392624523
5040,Marsh hawk or Hen harrier,29,1934.0,0.0,0.0,0.109813131903298,-0.658878791419787,-2.20897515866733,-1.94591014905531
5040,Marsh hawk or Hen harrier,30,1935.0,0.12,0.12,0.768691923323085,0.658878791419787,-0.26306500961202,1.94591014905531
5040,Marsh hawk or Hen harrier,31,1936.0,0.0,0.0,0.109813131903298,-0.658878791419787,-2.20897515866733,-1.94591014905531
5040,Marsh hawk or Hen harrier,32,1937.0,0.0,0.0,0.109813131903298,0.0,-2.20897515866733,0.0
5040,Marsh hawk or Hen harrier,33,1938.0,0.0,0.0,0.109813131903298,0.0,-2.20897515866733,0.0
5040,Marsh hawk or Hen harrier,34,1939.0,0.0,0.0,0.109813131903298,0.0,-2.20897515866733,0.0
5040,Marsh hawk or Hen harrier,35,1940.0,0.0,0.0,0.109813131903298,0.0,-2.20897515866733,0.0
5040,Marsh hawk or Hen harrier,36,1941.0,0.06,0.06,0.439252527613191,0.329439395709894,-0.822680797547443,1.38629436111989
5040,Marsh hawk or Hen harrier,37,1942.0,0.04,0.04,0.329439395709894,-0.109813131903298,-1.11036286999922,-0.287682072451781
5040,Marsh hawk or Hen harrier,38,1943.0,0.05,0.05,0.384345961661542,0.0549065659516489,-0.956212190171965,0.154150679827258
5040,Marsh hawk or Hen harrier,39,1944.0,0.038,0.038,0.318458082519564,-0.0658878791419787,-1.14426442167491,-0.18805223150294
5040,Marsh hawk or Hen harrier,40,1945.0,0.045,0.045,0.356892678685718,0.0384345961661543,-1.03032016232569,0.113944259349218
5040,Marsh hawk or Hen harrier,41,1946.0,0.044,0.044,0.351402022090553,-0.0054906565951649,-1.04582434886165,-0.0155041865359653
5040,Marsh hawk or Hen harrier,42,1947.0,0.03,0.03,0.274532829758245,-0.0768691923323085,-1.29268442679318,-0.246860077931526
5040,Marsh hawk or Hen harrier,43,1948.0,0.12,0.12,0.768691923323085,0.49415909356484,-0.26306500961202,1.02961941718116
5040,Marsh hawk or Hen harrier,44,1949.0,0.0,0.0,0.109813131903298,-0.658878791419787,-2.20897515866733,-1.94591014905531
5040,Marsh hawk or Hen harrier,45,1950.0,0.8,0.8,4.50233840803521,4.39252527613191,1.50459690803697,3.71357206670431
5040,Marsh hawk or Hen harrier,46,1951.0,0.02,0.02,0.219626263806596,-4.28271214422862,-1.51582797810739,-3.02042488614436
5040,Marsh hawk or Hen harrier,47,1952.0,0.08,0.08,0.549065659516489,0.329439395709894,-0.599537246233233,0.916290731874155
5040,Marsh hawk or Hen harrier,48,1953.0,1.0,1.0,5.60046972706819,5.0514040675517,1.72285047405699,2.32238772029023
5040,Marsh hawk or Hen harrier,49,1954.0,0.035,0.035,0.301986112734069,-5.29848361433412,-1.19737424698885,-2.92022472104585
5040,Marsh hawk or Hen harrier,50,1955.0,0.045,0.045,0.356892678685718,0.0549065659516489,-1.03032016232569,0.167054084663166
